0.48266666666666674
0.5066666666666667
0.46666666666666673
0.49333333333333335
0.528
0.4826666666666667
0.49600000000000005
0.4786666666666667
0.45466666666666666
0.452
0.4666666666666667
0.49866666666666665
0.42533333333333334
0.5106666666666667
0.476
0.44933333333333336
0.4653333333333334
0.484
0.47066666666666673
0.4706666666666666
0.4680000000000001
0.4880000000000001
0.436
0.4706666666666667
0.47066666666666684
0.46133333333333343
0.47600000000000003
0.452
0.504
0.47733333333333333
0.4906666666666667
0.48133333333333334
0.5093333333333333
0.47333333333333333
0.5413333333333334
0.504
0.5173333333333333
0.49200000000000005
0.47466666666666674
0.4879999999999999
0.43866666666666665
0.456
0.4653333333333334
0.4240000000000001
0.5
0.4466666666666666
0.4706666666666667
0.4973333333333334
0.4973333333333334
0.46266666666666667
0.47200000000000003
0.4893333333333333
0.48000000000000004
0.5026666666666666
0.4559999999999999
0.4866666666666667
0.4880000000000001
0.47600000000000003
0.47866666666666663
0.452
0.47466666666666674
0.46533333333333327
0.4933333333333334
0.49333333333333335
0.5213333333333333
0.5013333333333334
0.4906666666666667
0.49333333333333335
0.5013333333333333
0.46800000000000014
0.4626666666666666
0.5213333333333333
0.4546666666666667
0.47466666666666674
0.516
0.4946666666666667
0.4746666666666666
0.4613333333333334
0.49866666666666676
0.45466666666666666
0.43866666666666665
0.52
0.5240000000000001
0.45999999999999996
0.4933333333333333
0.47733333333333333
0.4706666666666667
0.49200000000000005
0.4719999999999999
0.4986666666666667
0.43600000000000005
0.45333333333333325
0.4826666666666667
0.4613333333333333
0.5053333333333333
0.4666666666666667
0.4613333333333333
0.5
0.4746666666666667
0.44266666666666665
0.5013333333333334
0.5080000000000001
0.484
0.4800000000000001
0.48800000000000004
0.44933333333333336
0.47066666666666684
0.5026666666666667
0.4640000000000001
0.49866666666666676
0.48266666666666674
0.4920000000000001
0.48400000000000004
0.5213333333333333
0.5079999999999999
0.4493333333333334
0.4933333333333333
0.4826666666666667
0.4546666666666666
0.4586666666666667
0.4666666666666668
0.5106666666666667
0.48533333333333334
0.48800000000000004
0.5039999999999999
0.4586666666666667
0.42266666666666663
0.48933333333333334
0.4746666666666666
0.5186666666666667
0.5560000000000002
0.5186666666666666
0.4866666666666666
0.5253333333333334
0.46799999999999997
0.48800000000000004
0.47333333333333333
0.4413333333333334
0.5253333333333334
0.49600000000000005
0.47333333333333344
0.4586666666666667
0.44933333333333336
0.5213333333333333
0.4706666666666667
0.4600000000000001
0.49200000000000005
0.5280000000000001
0.46799999999999997
0.5146666666666666
0.4813333333333334
0.4613333333333333
0.5160000000000001
0.49600000000000005
0.528
0.4986666666666667
0.49999999999999994
0.4573333333333334
0.48133333333333334
0.4666666666666668
0.5066666666666667
0.49333333333333335
0.468
0.4786666666666667
0.49733333333333335
0.5040000000000001
0.5426666666666667
0.45733333333333337
0.516
0.5106666666666667
0.5026666666666666
0.4693333333333333
0.4906666666666667
0.48266666666666663
0.5093333333333334
0.49599999999999994
0.4653333333333333
0.48933333333333334
0.484
0.46
0.4933333333333333
0.4800000000000001
0.4653333333333335
0.47600000000000003
0.5053333333333333
0.4986666666666667
0.47066666666666673
0.46
0.5213333333333334
0.4693333333333333
0.47866666666666674
0.4706666666666667
0.49600000000000016
0.464
0.4586666666666667
0.4840000000000001
0.47066666666666673
0.49066666666666675
0.47466666666666674
0.4933333333333334
0.5173333333333334
0.4546666666666667
0.5213333333333333
0.5186666666666667
0.464
0.5066666666666667
0.46533333333333343
0.4786666666666667
0.504
0.46
0.4893333333333334
0.5000000000000001
0.5146666666666666
0.4826666666666667
0.45333333333333337
0.4653333333333334
0.4213333333333333
0.45999999999999996
0.4799999999999999
0.464
0.4986666666666667
0.516
0.43066666666666664
0.49333333333333335
0.5080000000000001
0.4666666666666667
0.512
0.45066666666666666
0.492
0.5
0.5026666666666667
0.45200000000000007
0.47600000000000003
0.5053333333333333
0.4680000000000001
0.48000000000000004
0.4813333333333333
0.48266666666666674
0.512
0.45866666666666667
0.4946666666666667
0.46133333333333343
0.4426666666666667
0.48666666666666664
0.5319999999999999
0.4693333333333334
0.4853333333333334
0.5
0.49466666666666664
0.48000000000000004
0.5133333333333334
0.4506666666666666
0.49466666666666664
0.48799999999999993
0.46
0.516
0.45466666666666666
0.49466666666666664
0.49333333333333335
0.4666666666666668
0.4640000000000001
0.48533333333333334
0.5013333333333334
0.532
0.4986666666666667
0.48933333333333345
0.5146666666666666
0.5146666666666667
0.452
0.48933333333333345
0.4453333333333333
0.4906666666666667
0.44
0.49333333333333335
0.44666666666666666
0.4466666666666667
0.45733333333333337
0.47600000000000003
0.48800000000000004
0.46799999999999997
0.484
0.47600000000000003
0.436
0.5320000000000001
0.4306666666666667
0.492
0.4306666666666667
0.46666666666666673
0.4626666666666667
0.49066666666666664
0.4973333333333334
0.516
0.46
0.4826666666666667
0.5066666666666666
0.5413333333333333
0.5026666666666667
0.4653333333333334
0.4493333333333334
0.48666666666666664
0.49333333333333335
0.45333333333333337
0.4746666666666666
0.5106666666666668
0.44666666666666666
0.47866666666666663
0.4746666666666667
0.48666666666666664
0.484
0.47866666666666674
0.49199999999999994
0.4733333333333334
0.49866666666666665
0.4773333333333333
0.4853333333333334
0.47866666666666674
0.47333333333333333
0.48800000000000004
0.5333333333333333
0.4666666666666667
0.47600000000000003
0.4413333333333333
0.4826666666666668
0.484
0.48933333333333345
0.46933333333333344
0.45733333333333337
0.5346666666666667
0.4613333333333333
0.4559999999999999
0.45199999999999996
0.48000000000000004
0.5213333333333333
0.4786666666666667
0.4893333333333334
0.5146666666666667
0.4786666666666667
0.4773333333333333
0.4800000000000001
0.512
0.4813333333333333
0.49200000000000005
0.5159999999999999
0.43599999999999994
0.4706666666666667
0.5026666666666666
0.4746666666666666
0.46266666666666667
0.5093333333333333
0.5000000000000001
0.4746666666666666
0.4506666666666667
0.4706666666666667
0.5213333333333333
0.4973333333333334
0.4640000000000001
0.46933333333333327
0.49733333333333324
0.4773333333333333
0.5466666666666667
0.46799999999999997
0.4733333333333334
0.5066666666666667
0.4893333333333334
0.4693333333333333
0.4613333333333333
0.504
0.5106666666666666
0.48933333333333345
0.44800000000000006
0.45200000000000007
0.47199999999999986
0.4866666666666666
0.49466666666666664
0.47866666666666663
0.4626666666666666
0.4719999999999999
0.4906666666666667
0.5066666666666666
0.5133333333333333
0.5306666666666666
0.4826666666666667
0.4853333333333333
0.48133333333333334
0.43200000000000005
0.5026666666666667
0.492
0.504
0.49333333333333335
0.47866666666666663
0.4293333333333334
0.4746666666666667
0.5199999999999999
0.4506666666666667
0.4586666666666667
0.5106666666666667
0.4533333333333333
0.48400000000000004
0.46266666666666656
0.4973333333333334
0.468
0.4720000000000001
0.49733333333333335
0.5119999999999999
0.4773333333333333
0.504
0.49733333333333335
0.4639999999999999
0.5013333333333334
0.4760000000000001
0.49066666666666675
0.4666666666666667
0.47200000000000003
0.508
0.5000000000000001
0.5026666666666667
0.5080000000000001
0.4666666666666666
0.512
0.4973333333333334
0.4773333333333333
0.4866666666666666
0.5026666666666667
0.4826666666666667
0.4786666666666667
0.4786666666666667
0.49466666666666664
0.46400000000000013
0.4653333333333334
0.4840000000000001
0.4520000000000001
0.43866666666666654
0.47200000000000003
0.5160000000000001
0.5013333333333334
0.504
0.484
0.45866666666666667
0.4813333333333334
0.42800000000000005
0.47200000000000003
0.49333333333333335
0.4613333333333333
0.5159999999999999
0.48933333333333334
0.48133333333333334
0.49199999999999994
0.4973333333333334
0.5080000000000001
0.4960000000000001
0.48533333333333334
0.476
0.5146666666666666
0.47866666666666674
0.47333333333333333
0.5093333333333333
0.4813333333333334
0.5173333333333333
0.448
0.47733333333333344
0.4746666666666667
0.49466666666666675
0.4693333333333334
0.4653333333333334
0.4773333333333334
0.4986666666666667
0.44399999999999995
0.4893333333333334
0.504
0.45199999999999996
0.5159999999999999
0.48933333333333334
0.52
0.48133333333333345
0.49066666666666664
0.48266666666666674
0.4840000000000001
0.4613333333333333
0.48000000000000004
0.47733333333333333
0.5040000000000001
0.448
0.43733333333333335
0.5586666666666669
0.4986666666666667
0.4666666666666667
0.5066666666666666
0.47466666666666674
0.48933333333333334
0.47866666666666674
0.49066666666666675
0.4666666666666666
0.44933333333333336
0.4733333333333334
0.4866666666666667
0.49333333333333335
0.5013333333333334
0.5146666666666667
0.4773333333333334
0.5026666666666666
0.5186666666666667
0.47200000000000003
0.49600000000000005
0.4466666666666666
0.44
0.48133333333333345
0.45600000000000007
0.44533333333333336
0.4559999999999999
0.456
0.5106666666666666
0.4853333333333333
0.5173333333333334
0.5013333333333334
0.4933333333333333
0.52
0.4653333333333335
0.456
0.48800000000000004
0.45200000000000007
0.43733333333333335
0.46933333333333327
0.4986666666666667
0.4799999999999999
0.49466666666666664
0.48400000000000004
0.4866666666666667
0.4613333333333333
0.48800000000000004
0.4519999999999999
0.47733333333333333
0.4893333333333334
0.5013333333333333
0.4706666666666667
0.46000000000000013
0.47333333333333344
0.4613333333333334
0.4693333333333334
0.4546666666666666
0.46666666666666684
0.5373333333333332
0.48533333333333334
0.4706666666666667
0.47600000000000003
0.484
0.45333333333333337
0.47333333333333344
0.4453333333333333
0.47466666666666674
0.45200000000000007
0.4746666666666666
0.4813333333333334
0.47733333333333333
0.492
0.46
0.4880000000000001
0.4813333333333334
0.47333333333333333
0.4653333333333334
0.4746666666666666
0.5173333333333334
0.44933333333333336
0.5079999999999999
0.4626666666666666
0.47333333333333333
0.48800000000000004
0.5133333333333334
0.5226666666666667
0.4626666666666666
0.47466666666666674
0.5239999999999999
0.544
0.4653333333333334
0.4653333333333334
0.47333333333333333
0.4493333333333334
0.5000000000000001
0.4533333333333333
0.5
0.4933333333333334
0.5
0.5
0.47200000000000003
0.47200000000000003
0.4800000000000001
0.52
0.5226666666666667
0.5093333333333334
0.48800000000000004
0.49333333333333335
0.4706666666666667
0.5506666666666667
0.5079999999999999
0.5053333333333334
0.5213333333333333
0.4773333333333334
0.4973333333333334
0.49599999999999994
0.44399999999999995
0.49200000000000005
0.5293333333333333
0.5013333333333333
0.47333333333333344
0.5079999999999999
0.4800000000000001
0.504
0.4986666666666667
0.5173333333333333
0.4533333333333334
0.484
0.504
0.45466666666666666
0.5
0.5146666666666667
0.47066666666666657
0.47733333333333333
0.4626666666666666
0.5013333333333333
0.5093333333333333
0.52
0.48933333333333334
0.4613333333333333
0.46799999999999997
0.5013333333333334
0.5173333333333333
0.5333333333333333
0.47333333333333344
0.4400000000000001
0.48266666666666674
0.4506666666666667
0.4506666666666667
0.504
0.448
0.45999999999999996
0.4546666666666666
0.4706666666666666
0.47600000000000003
0.4573333333333334
0.4613333333333333
0.48266666666666674
0.48933333333333334
0.4600000000000001
0.4706666666666666
0.5186666666666666
0.4946666666666666
0.4813333333333333
0.5053333333333333
0.4933333333333333
0.4893333333333334
0.5106666666666666
0.5079999999999999
0.4506666666666667
0.48133333333333334
0.45600000000000007
0.49333333333333335
0.48533333333333334
0.49733333333333335
0.49333333333333335
0.4680000000000001
0.47866666666666663
0.48533333333333334
0.5133333333333333
0.47333333333333344
0.4946666666666667
0.5186666666666666
0.44933333333333336
0.46
0.4706666666666666
0.49466666666666664
0.5013333333333334
0.4826666666666667
0.49733333333333335
0.48399999999999993
0.4866666666666667
0.49599999999999994
0.4746666666666667
0.46266666666666667
0.5053333333333334
0.4640000000000001
0.4866666666666667
0.49999999999999994
0.5013333333333334
0.5213333333333334
0.46266666666666667
0.4586666666666667
0.5080000000000001
0.46666666666666673
0.4586666666666667
0.47866666666666663
0.47866666666666663
0.44399999999999995
0.48133333333333334
0.468
0.47600000000000003
0.5053333333333334
0.48400000000000004
0.47066666666666673
0.4719999999999999
0.46666666666666673
0.4773333333333334
0.49866666666666665
0.44933333333333336
0.48800000000000004
0.4986666666666667
0.49066666666666664
0.4666666666666666
0.4586666666666666
0.42400000000000004
0.46933333333333327
0.4906666666666667
0.49200000000000005
0.49199999999999994
0.49866666666666676
0.46933333333333344
0.47866666666666674
0.512
0.46266666666666667
0.4666666666666666
0.49199999999999994
0.4373333333333333
0.444
0.47733333333333333
0.4880000000000001
0.4719999999999999
0.4960000000000001
0.4920000000000001
0.5120000000000001
0.4866666666666667
0.45600000000000007
0.49333333333333335
0.47200000000000003
0.5013333333333333
0.46
0.48800000000000004
0.4826666666666667
0.49733333333333335
0.45466666666666666
0.4813333333333334
0.484
0.47066666666666673
0.4799999999999999
0.5133333333333334
0.5013333333333333
0.48133333333333334
0.5
0.47733333333333333
0.42133333333333334
0.4800000000000001
0.5159999999999999
0.4706666666666666
0.48933333333333334
0.49333333333333335
0.4973333333333334
0.4933333333333334
0.4653333333333333
0.4573333333333333
0.4720000000000001
0.5000000000000001
0.4653333333333334
0.48666666666666664
0.48933333333333345
0.4853333333333334
0.464
0.4653333333333334
0.4693333333333334
0.49333333333333335
0.484
0.4466666666666666
0.44533333333333336
0.5013333333333333
0.4973333333333334
0.4400000000000001
0.5106666666666667
0.4666666666666668
0.49600000000000005
0.4666666666666667
0.5080000000000001
0.512
0.5066666666666667
0.48133333333333334
0.45600000000000007
0.5373333333333332
0.47733333333333344
0.5026666666666667
0.49199999999999994
0.5173333333333334
0.48800000000000004
0.5066666666666667
0.45466666666666666
0.49333333333333346
0.5000000000000001
0.4693333333333333
0.4986666666666667
0.5173333333333335
0.47733333333333333
0.4773333333333334
0.4640000000000001
0.5146666666666668
0.48133333333333334
0.508
0.4493333333333333
0.48400000000000004
0.5053333333333333
0.46
0.45466666666666683
0.5133333333333333
0.49466666666666675
0.468
0.49466666666666664
0.4853333333333334
0.49866666666666665
0.48800000000000004
0.4666666666666667
0.4800000000000002
0.4786666666666667
0.5253333333333333
0.47600000000000003
0.4866666666666666
0.504
0.48800000000000016
0.4799999999999999
0.5026666666666667
0.49599999999999994
0.4800000000000001
0.4693333333333333
0.4693333333333333
0.5253333333333334
0.46666666666666673
0.5213333333333334
0.48000000000000004
0.4613333333333334
0.45066666666666666
0.4853333333333334
0.5213333333333333
0.49333333333333335
0.4973333333333333
0.47333333333333344
0.512
0.4680000000000001
0.5293333333333333
0.5106666666666668
0.4640000000000002
0.4306666666666667
0.4466666666666666
0.49466666666666664
0.5066666666666666
0.4853333333333334
0.45333333333333337
0.5213333333333334
0.4733333333333334
0.48266666666666663
0.4693333333333334
0.512
0.4933333333333333
0.49333333333333335
0.4839999999999999
0.4866666666666667
0.4426666666666667
0.48266666666666674
0.5026666666666667
0.4906666666666667
0.4826666666666667
0.5106666666666667
0.48533333333333334
0.4613333333333333
0.44933333333333336
0.49199999999999994
0.4546666666666667
0.49200000000000005
0.4666666666666667
0.4559999999999999
0.45066666666666666
0.44800000000000006
0.4573333333333334
0.5106666666666667
0.48800000000000004
0.4893333333333333
0.43466666666666665
0.47466666666666674
0.504
0.5106666666666667
0.49600000000000005
0.4706666666666667
0.4826666666666667
0.49333333333333335
0.5333333333333333
0.5159999999999999
0.49333333333333335
0.476
0.4866666666666666
0.46666666666666673
0.49466666666666664
0.4893333333333333
0.4653333333333334
0.5146666666666667
0.43466666666666665
0.5146666666666667
0.48666666666666675
0.42933333333333334
0.4586666666666667
0.4573333333333334
0.49600000000000005
0.46
0.4853333333333334
0.48666666666666664
0.4639999999999999
0.47733333333333333
0.5133333333333333
0.44266666666666665
0.48666666666666664
0.4986666666666667
0.4639999999999999
0.45066666666666666
0.4733333333333334
0.5053333333333333
0.5226666666666667
0.4973333333333334
0.4799999999999999
0.5173333333333334
0.4986666666666667
0.4493333333333334
0.46400000000000013
0.45466666666666666
0.4640000000000001
0.424
0.45733333333333337
0.49200000000000005
0.47333333333333333
0.5026666666666667
0.468
0.4533333333333334
0.5000000000000001
0.46266666666666667
0.5
0.4666666666666667
0.4720000000000001
0.5053333333333334
0.532
0.4866666666666667
0.4693333333333333
0.49066666666666664
0.464
0.48933333333333334
0.4640000000000001
0.4653333333333334
0.46399999999999986
0.45333333333333337
0.49599999999999994
0.4746666666666667
0.4666666666666667
0.46666666666666673
0.48400000000000004
0.4626666666666666
0.4813333333333333
0.4946666666666666
0.4973333333333334
0.5026666666666666
0.4773333333333334
0.4653333333333334
0.41999999999999993
0.52
0.49066666666666664
0.5373333333333333
0.492
0.43333333333333335
0.5173333333333334
0.5013333333333333
0.47866666666666663
0.5053333333333333
0.47733333333333333
0.46799999999999997
0.47733333333333333
0.4733333333333335
0.5013333333333333
0.4240000000000001
0.4773333333333333
0.4973333333333333
0.4626666666666666
0.4586666666666667
0.4880000000000001
0.4586666666666667
0.49466666666666675
0.44000000000000006
0.4626666666666666
0.4786666666666667
0.4826666666666667
0.48133333333333334
0.536
0.48666666666666664
0.5013333333333333
0.4893333333333334
0.4853333333333333
0.4773333333333334
0.5280000000000001
0.5053333333333334
0.4893333333333334
0.46933333333333327
0.4826666666666667
0.4386666666666667
0.4453333333333334
