0.2426666666666667
0.22933333333333333
0.2826666666666667
0.22133333333333333
0.2800000000000001
0.264
0.22400000000000003
0.27199999999999996
0.20800000000000002
0.21066666666666667
0.23466666666666666
0.24000000000000005
0.16533333333333336
0.26666666666666666
0.18933333333333333
0.176
0.22933333333333336
0.23733333333333337
0.23466666666666663
0.20000000000000004
0.21866666666666668
0.25066666666666665
0.18933333333333335
0.21333333333333337
0.1786666666666667
0.22933333333333336
0.2293333333333334
0.2213333333333334
0.2826666666666667
0.22933333333333336
0.256
0.22399999999999995
0.2826666666666667
0.21599999999999994
0.30933333333333335
0.27999999999999997
0.24800000000000005
0.2666666666666666
0.24533333333333338
0.23466666666666666
0.18400000000000005
0.23733333333333337
0.2106666666666667
0.19733333333333336
0.24533333333333343
0.19199999999999998
0.18933333333333335
0.2666666666666667
0.23466666666666663
0.1973333333333334
0.22400000000000003
0.24266666666666664
0.23200000000000004
0.24533333333333338
0.18400000000000002
0.22400000000000003
0.24533333333333338
0.22666666666666668
0.21333333333333335
0.20800000000000007
0.23733333333333337
0.19733333333333336
0.22666666666666668
0.26133333333333336
0.2853333333333333
0.23733333333333337
0.24533333333333335
0.2906666666666667
0.26399999999999996
0.22666666666666668
0.27199999999999996
0.3253333333333333
0.24800000000000005
0.22933333333333336
0.264
0.22133333333333335
0.19200000000000003
0.1706666666666667
0.232
0.20533333333333337
0.18933333333333338
0.26133333333333336
0.272
0.19466666666666665
0.20000000000000004
0.22933333333333333
0.22666666666666668
0.1946666666666667
0.2346666666666667
0.25066666666666676
0.2053333333333334
0.21866666666666668
0.22666666666666668
0.17866666666666667
0.25866666666666666
0.25333333333333335
0.21333333333333337
0.26133333333333336
0.21866666666666673
0.21333333333333335
0.25333333333333335
0.2906666666666667
0.2506666666666667
0.22666666666666666
0.24799999999999997
0.23466666666666663
0.28266666666666673
0.2586666666666667
0.20800000000000007
0.2693333333333333
0.22666666666666674
0.22933333333333336
0.1973333333333334
0.26400000000000007
0.28
0.1733333333333333
0.24533333333333338
0.24000000000000005
0.17600000000000002
0.1973333333333334
0.22666666666666666
0.25600000000000006
0.20533333333333334
0.25066666666666665
0.2586666666666667
0.2293333333333333
0.15733333333333333
0.22666666666666666
0.24000000000000005
0.2693333333333333
0.32800000000000007
0.2906666666666667
0.25333333333333335
0.2773333333333333
0.2
0.21333333333333335
0.2106666666666667
0.21600000000000005
0.2933333333333334
0.23199999999999996
0.24000000000000005
0.19733333333333333
0.2293333333333334
0.2853333333333334
0.2346666666666667
0.22133333333333335
0.22133333333333338
0.3066666666666667
0.2346666666666667
0.296
0.256
0.2533333333333333
0.27466666666666667
0.24533333333333338
0.2720000000000001
0.2666666666666667
0.26400000000000007
0.22666666666666666
0.18400000000000005
0.21600000000000005
0.24533333333333338
0.24533333333333338
0.224
0.19733333333333336
0.24000000000000005
0.29600000000000004
0.2826666666666667
0.22133333333333335
0.26133333333333336
0.2666666666666668
0.256
0.21600000000000005
0.2373333333333334
0.24799999999999997
0.24800000000000003
0.2533333333333333
0.22133333333333338
0.21866666666666665
0.23733333333333334
0.18933333333333333
0.2613333333333333
0.22133333333333333
0.22133333333333333
0.22933333333333333
0.272
0.256
0.26133333333333336
0.20800000000000007
0.27733333333333327
0.23733333333333337
0.23733333333333342
0.21333333333333335
0.2186666666666667
0.19200000000000003
0.19200000000000006
0.20800000000000005
0.2506666666666667
0.22133333333333335
0.23733333333333337
0.24799999999999997
0.27999999999999997
0.2506666666666667
0.26666666666666666
0.264
0.2133333333333334
0.22666666666666666
0.23466666666666672
0.22400000000000003
0.2613333333333333
0.19200000000000006
0.264
0.2773333333333333
0.26133333333333336
0.2266666666666667
0.21600000000000005
0.2266666666666667
0.13866666666666666
0.18400000000000005
0.22666666666666666
0.2826666666666667
0.26399999999999996
0.2746666666666667
0.16800000000000004
0.2773333333333333
0.25333333333333335
0.22933333333333336
0.2826666666666667
0.21600000000000008
0.2586666666666667
0.24533333333333335
0.24266666666666667
0.20533333333333337
0.20266666666666666
0.2613333333333333
0.18933333333333335
0.21333333333333337
0.22400000000000003
0.2586666666666667
0.28266666666666673
0.2240000000000001
0.2053333333333334
0.2053333333333334
0.18133333333333337
0.22666666666666668
0.25333333333333335
0.2746666666666667
0.2506666666666667
0.2613333333333333
0.26666666666666666
0.24000000000000005
0.2773333333333333
0.18933333333333338
0.272
0.22400000000000003
0.16266666666666668
0.28
0.21600000000000003
0.25066666666666676
0.21333333333333335
0.18933333333333338
0.16000000000000003
0.21600000000000008
0.2693333333333335
0.30666666666666675
0.23199999999999993
0.24000000000000005
0.2800000000000001
0.2826666666666667
0.23733333333333337
0.20800000000000007
0.14933333333333335
0.256
0.20800000000000005
0.256
0.19466666666666668
0.21600000000000008
0.18666666666666665
0.23200000000000004
0.25333333333333335
0.20000000000000004
0.2293333333333334
0.21066666666666672
0.17866666666666664
0.2826666666666667
0.18133333333333332
0.20533333333333334
0.16800000000000004
0.22133333333333333
0.21600000000000005
0.22933333333333342
0.28
0.2826666666666666
0.18933333333333338
0.22933333333333336
0.26666666666666666
0.2853333333333333
0.24800000000000005
0.2346666666666667
0.1973333333333334
0.25066666666666665
0.21600000000000003
0.20266666666666672
0.21866666666666668
0.26400000000000007
0.25066666666666676
0.21600000000000003
0.22666666666666668
0.2026666666666667
0.2533333333333334
0.19200000000000006
0.19200000000000006
0.23733333333333334
0.25866666666666666
0.25333333333333335
0.23733333333333337
0.2613333333333334
0.24800000000000005
0.22933333333333336
0.2773333333333334
0.20800000000000007
0.22933333333333336
0.21066666666666664
0.2586666666666667
0.22666666666666668
0.23999999999999996
0.23199999999999996
0.20533333333333328
0.2906666666666667
0.18933333333333335
0.17600000000000005
0.23733333333333334
0.21600000000000003
0.2853333333333334
0.24266666666666667
0.24800000000000003
0.24000000000000007
0.19733333333333333
0.24000000000000002
0.21866666666666673
0.29066666666666674
0.24533333333333332
0.232
0.256
0.21600000000000003
0.2240000000000001
0.2133333333333334
0.24533333333333335
0.18400000000000002
0.264
0.28
0.22133333333333333
0.20266666666666666
0.208
0.2373333333333333
0.21333333333333335
0.19733333333333328
0.20266666666666666
0.23466666666666663
0.23200000000000007
0.32266666666666666
0.21333333333333335
0.20000000000000007
0.25333333333333335
0.2346666666666667
0.20800000000000005
0.2053333333333334
0.2533333333333333
0.23466666666666663
0.2346666666666667
0.2106666666666667
0.2053333333333334
0.20266666666666666
0.25333333333333335
0.256
0.22666666666666668
0.19733333333333333
0.21866666666666668
0.24533333333333332
0.2826666666666667
0.2773333333333333
0.28800000000000003
0.256
0.2666666666666667
0.22133333333333338
0.27466666666666667
0.2133333333333334
0.22933333333333336
0.2666666666666667
0.26400000000000007
0.29333333333333333
0.19200000000000003
0.2
0.2826666666666667
0.2426666666666667
0.20533333333333334
0.2986666666666667
0.19733333333333333
0.23733333333333342
0.25600000000000006
0.24266666666666675
0.21066666666666672
0.18933333333333338
0.2133333333333334
0.24266666666666667
0.23733333333333337
0.24266666666666664
0.22933333333333336
0.2
0.22933333333333333
0.21600000000000003
0.22133333333333335
0.23200000000000004
0.2293333333333334
0.24266666666666661
0.24533333333333332
0.2586666666666667
0.2533333333333333
0.21333333333333335
0.26666666666666666
0.23733333333333337
0.24266666666666667
0.23466666666666663
0.25066666666666665
0.22666666666666666
0.24000000000000005
0.19733333333333336
0.256
0.1786666666666667
0.18933333333333338
0.2240000000000001
0.20000000000000004
0.20266666666666666
0.22933333333333336
0.29600000000000004
0.2720000000000001
0.25066666666666665
0.22133333333333333
0.20266666666666672
0.2800000000000001
0.19466666666666665
0.22666666666666668
0.2533333333333333
0.20800000000000007
0.25333333333333335
0.24800000000000003
0.256
0.22933333333333333
0.22933333333333336
0.256
0.2960000000000001
0.2213333333333334
0.21333333333333335
0.2853333333333333
0.264
0.216
0.23200000000000004
0.24266666666666672
0.28533333333333327
0.2346666666666667
0.21866666666666668
0.20000000000000004
0.20000000000000007
0.1893333333333334
0.22133333333333338
0.2026666666666667
0.2666666666666667
0.23200000000000004
0.22400000000000006
0.2426666666666667
0.21600000000000003
0.256
0.26399999999999996
0.22133333333333333
0.25600000000000006
0.22666666666666668
0.2213333333333334
0.23733333333333337
0.1866666666666667
0.2266666666666667
0.24533333333333338
0.29333333333333333
0.2053333333333334
0.216
0.2853333333333333
0.22666666666666666
0.22133333333333338
0.21600000000000003
0.19466666666666665
0.232
0.19466666666666665
0.2746666666666666
0.24533333333333338
0.16800000000000004
0.20800000000000002
0.2506666666666667
0.22933333333333336
0.21333333333333335
0.256
0.22933333333333336
0.24800000000000008
0.24533333333333332
0.21333333333333332
0.2586666666666667
0.1786666666666667
0.18933333333333335
0.24533333333333332
0.20533333333333334
0.1893333333333333
0.23733333333333337
0.20266666666666672
0.22933333333333336
0.2240000000000001
0.28800000000000003
0.22933333333333336
0.23200000000000004
0.288
0.2373333333333334
0.22133333333333333
0.24000000000000007
0.19733333333333336
0.15733333333333335
0.23200000000000004
0.22666666666666666
0.192
0.23200000000000004
0.23999999999999994
0.25333333333333335
0.20266666666666666
0.21600000000000005
0.18400000000000005
0.21600000000000003
0.23466666666666663
0.2613333333333333
0.1946666666666667
0.2506666666666667
0.21866666666666668
0.20800000000000002
0.2426666666666667
0.23999999999999996
0.19200000000000006
0.27999999999999997
0.25333333333333335
0.2613333333333333
0.24000000000000005
0.20800000000000007
0.2213333333333334
0.22400000000000006
0.20266666666666666
0.18133333333333335
0.19466666666666665
0.2
0.24266666666666667
0.22666666666666666
0.22400000000000006
0.23466666666666666
0.2213333333333333
0.23199999999999996
0.21333333333333337
0.24266666666666664
0.22666666666666663
0.25600000000000006
0.21066666666666667
0.23733333333333337
0.20000000000000007
0.25333333333333335
0.25866666666666666
0.25333333333333335
0.28
0.21866666666666668
0.18400000000000005
0.25866666666666666
0.28533333333333327
0.20000000000000007
0.2026666666666667
0.21600000000000003
0.19733333333333336
0.21333333333333337
0.22400000000000006
0.24000000000000005
0.30133333333333334
0.2506666666666667
0.24533333333333338
0.1973333333333334
0.24533333333333338
0.20266666666666663
0.29333333333333333
0.272
0.22400000000000003
0.20266666666666672
0.20800000000000007
0.24000000000000002
0.2800000000000001
0.26666666666666666
0.2853333333333333
0.26933333333333337
0.24533333333333335
0.24000000000000005
0.256
0.16799999999999998
0.26399999999999996
0.2586666666666667
0.2426666666666667
0.24799999999999997
0.2693333333333333
0.20000000000000007
0.272
0.22133333333333333
0.2853333333333333
0.18933333333333333
0.224
0.24800000000000005
0.2266666666666667
0.22666666666666663
0.272
0.23466666666666663
0.22400000000000003
0.20800000000000002
0.24799999999999997
0.272
0.2826666666666667
0.23200000000000004
0.21600000000000003
0.24800000000000005
0.26133333333333336
0.2720000000000001
0.25866666666666666
0.2613333333333333
0.20266666666666672
0.2373333333333334
0.20533333333333334
0.2053333333333334
0.25333333333333335
0.19466666666666668
0.21600000000000005
0.21066666666666667
0.256
0.24000000000000002
0.2293333333333333
0.1706666666666667
0.2133333333333334
0.23200000000000004
0.2346666666666667
0.22666666666666668
0.2613333333333333
0.256
0.26933333333333337
0.24266666666666672
0.25066666666666665
0.25333333333333335
0.256
0.2746666666666667
0.1973333333333334
0.24533333333333338
0.21066666666666664
0.21333333333333332
0.264
0.25600000000000006
0.21600000000000003
0.22399999999999995
0.216
0.23733333333333337
0.29600000000000004
0.22933333333333336
0.264
0.2853333333333333
0.176
0.21333333333333335
0.21066666666666667
0.20533333333333337
0.2346666666666667
0.26933333333333337
0.256
0.22666666666666663
0.19200000000000003
0.3066666666666667
0.2426666666666667
0.22133333333333335
0.25333333333333335
0.208
0.21866666666666668
0.2133333333333334
0.22400000000000003
0.24533333333333332
0.18666666666666668
0.20000000000000007
0.2613333333333333
0.21333333333333337
0.224
0.22933333333333336
0.2426666666666667
0.21600000000000003
0.24800000000000003
0.20800000000000002
0.2293333333333334
0.2426666666666667
0.23200000000000004
0.22933333333333336
0.21066666666666672
0.21066666666666672
0.2320000000000001
0.2373333333333334
0.1786666666666667
0.256
0.26400000000000007
0.22933333333333336
0.21066666666666667
0.18133333333333332
0.16266666666666668
0.24266666666666667
0.23733333333333337
0.23200000000000004
0.24000000000000005
0.2506666666666667
0.18400000000000005
0.1866666666666667
0.264
0.2213333333333334
0.20800000000000002
0.24266666666666664
0.20266666666666666
0.17333333333333337
0.21066666666666664
0.24800000000000008
0.23733333333333337
0.22666666666666668
0.2346666666666667
0.22400000000000003
0.24000000000000002
0.1973333333333334
0.22400000000000006
0.24800000000000003
0.256
0.23466666666666666
0.23200000000000004
0.22666666666666668
0.2586666666666667
0.22133333333333335
0.2266666666666667
0.20533333333333334
0.22133333333333335
0.27466666666666667
0.24000000000000002
0.23466666666666666
0.22666666666666666
0.26133333333333336
0.21333333333333335
0.18400000000000005
0.24800000000000003
0.2773333333333334
0.19466666666666668
0.28
0.2506666666666667
0.2506666666666667
0.23733333333333337
0.22666666666666668
0.21866666666666668
0.1866666666666667
0.2506666666666667
0.24000000000000005
0.23466666666666663
0.232
0.22933333333333336
0.23733333333333337
0.22400000000000003
0.21600000000000003
0.2213333333333334
0.23199999999999996
0.18933333333333338
0.2613333333333333
0.17333333333333337
0.26133333333333336
0.20266666666666663
0.26933333333333337
0.22933333333333336
0.26666666666666666
0.20266666666666666
0.264
0.2773333333333333
0.2586666666666667
0.19199999999999998
0.2240000000000001
0.3013333333333333
0.2480000000000001
0.30933333333333335
0.24000000000000007
0.28
0.24533333333333338
0.2826666666666667
0.1973333333333334
0.25866666666666666
0.2346666666666667
0.21600000000000005
0.2533333333333334
0.28
0.22133333333333333
0.26133333333333336
0.2
0.2880000000000001
0.23466666666666675
0.2293333333333333
0.2426666666666667
0.2346666666666667
0.2586666666666667
0.20266666666666666
0.22933333333333336
0.2773333333333334
0.24000000000000007
0.2026666666666667
0.24000000000000005
0.18666666666666668
0.23999999999999996
0.23200000000000007
0.2453333333333333
0.22666666666666674
0.22400000000000003
0.264
0.22400000000000003
0.23466666666666672
0.272
0.2240000000000001
0.24000000000000002
0.2346666666666667
0.23200000000000004
0.21333333333333335
0.21600000000000005
0.2053333333333334
0.2666666666666667
0.2
0.29066666666666674
0.24533333333333338
0.20000000000000007
0.2026666666666667
0.2746666666666667
0.29600000000000004
0.2506666666666667
0.26933333333333337
0.2506666666666667
0.23733333333333337
0.2666666666666667
0.2906666666666667
0.2826666666666667
0.20000000000000007
0.16533333333333336
0.2053333333333334
0.24533333333333338
0.256
0.25600000000000006
0.21600000000000008
0.26666666666666666
0.21066666666666672
0.24000000000000005
0.24000000000000002
0.2586666666666667
0.24000000000000005
0.2240000000000001
0.25066666666666665
0.25600000000000006
0.1973333333333334
0.19466666666666668
0.2773333333333333
0.25866666666666666
0.2586666666666667
0.25600000000000006
0.26133333333333336
0.23466666666666666
0.23733333333333337
0.23999999999999996
0.19466666666666665
0.24800000000000005
0.21866666666666668
0.1946666666666667
0.18400000000000005
0.18400000000000005
0.2266666666666667
0.272
0.2693333333333333
0.23733333333333334
0.21600000000000003
0.2186666666666667
0.21066666666666667
0.2986666666666667
0.2346666666666667
0.2453333333333333
0.21599999999999994
0.2346666666666667
0.2986666666666667
0.28
0.2586666666666667
0.2293333333333334
0.25333333333333335
0.22666666666666674
0.2773333333333333
0.22666666666666668
0.22666666666666668
0.28800000000000003
0.17333333333333334
0.25599999999999995
0.20800000000000002
0.15733333333333333
0.21600000000000005
0.20266666666666672
0.22133333333333335
0.20800000000000007
0.2586666666666667
0.25333333333333335
0.2373333333333334
0.21600000000000003
0.2586666666666667
0.2026666666666667
0.2213333333333334
0.25866666666666666
0.24533333333333332
0.20266666666666672
0.1973333333333334
0.24533333333333335
0.2773333333333333
0.26133333333333336
0.22133333333333335
0.25333333333333335
0.256
0.20266666666666663
0.22400000000000003
0.192
0.22400000000000003
0.13333333333333333
0.1973333333333334
0.22933333333333336
0.20266666666666666
0.26666666666666666
0.18933333333333338
0.20533333333333334
0.23200000000000004
0.20800000000000005
0.272
0.23200000000000004
0.224
0.25333333333333335
0.30400000000000005
0.23199999999999996
0.23999999999999996
0.2293333333333333
0.20000000000000004
0.256
0.20800000000000005
0.20266666666666672
0.21866666666666668
0.18400000000000002
0.24533333333333335
0.25066666666666665
0.2240000000000001
0.192
0.256
0.17333333333333334
0.23466666666666672
0.232
0.26133333333333336
0.21600000000000005
0.25333333333333335
0.20800000000000002
0.19200000000000006
0.24266666666666667
0.2533333333333333
0.30133333333333334
0.25599999999999995
0.18133333333333337
0.24799999999999997
0.2506666666666667
0.264
0.2773333333333333
0.19733333333333333
0.2266666666666667
0.23733333333333334
0.21600000000000008
0.23733333333333337
0.192
0.19466666666666668
0.2720000000000001
0.20533333333333334
0.1946666666666667
0.24533333333333335
0.1706666666666667
0.24533333333333338
0.17333333333333337
0.2426666666666667
0.24533333333333338
0.20533333333333337
0.24266666666666664
0.29600000000000004
0.256
0.2346666666666667
0.26399999999999996
0.22133333333333338
0.26933333333333337
0.28533333333333327
0.2826666666666666
0.25333333333333347
0.17866666666666664
0.23466666666666663
0.18933333333333338
0.2240000000000001
